This is the motion model:  [[0.49999792]
 [0.00125   ]
 [0.005     ]]
================================================
This is mu after motion model:  [[0.49999792]
 [0.00125   ]
 [0.005     ]]
================================================
This is jacobian of motion model:  [[ 1.          0.         -0.00125   ]
 [ 0.          1.          0.49999792]
 [ 0.          0.          1.        ]]
================================================
================================================
================================================
mu_extended:  [[0.49999792]
 [0.00125   ]
 [0.005     ]]
Sigma:  [[0.1 0.  0. ]
 [0.  0.1 0. ]
 [0.  0.  0.1]]
==================================================================================
This is the motion model:  [[0.49998542]
 [0.00374996]
 [0.005     ]]
================================================
This is mu after motion model:  [[0.99998333]
 [0.00499996]
 [0.01      ]]
================================================
This is jacobian of motion model:  [[ 1.          0.         -0.00374996]
 [ 0.          1.          0.49998542]
 [ 0.          0.          1.        ]]
================================================
================================================
================================================
mu_extended:  [[0.99998333]
 [0.00499996]
 [0.01      ]]
Sigma:  [[ 2.00001406e-01 -1.87492578e-04 -3.74996094e-04]
 [-1.87492578e-04  2.24998542e-01  4.99985417e-02]
 [-3.74996094e-04  4.99985417e-02  2.00000000e-01]]
==================================================================================
This is the motion model:  [[0.49996042]
 [0.00624983]
 [0.005     ]]
================================================
This is mu after motion model:  [[1.49994375]
 [0.01124979]
 [0.015     ]]
================================================
This is jacobian of motion model:  [[ 1.          0.         -0.00624983]
 [ 0.          1.          0.49996042]
 [ 0.          0.          1.        ]]
================================================
================================================
================================================
mu_extended:  [[1.49994375]
 [0.01124979]
 [0.015     ]]
Sigma:  [[ 0.30001391 -0.00131239 -0.00162496]
 [-0.00131239  0.42498521  0.14999063]
 [-0.00162496  0.14999063  0.3       ]]
==================================================================================
This is the motion model:  [[0.49992292]
 [0.00874954]
 [0.005     ]]
================================================
This is mu after motion model:  [[1.99986667]
 [0.01999933]
 [0.02      ]
 [0.        ]
 [0.        ]]
================================================
This is jacobian of motion model:  [[ 1.          0.         -0.00874954  0.          0.        ]
 [ 0.          1.          0.49992292  0.          0.        ]
 [ 0.          0.          1.          0.          0.        ]
 [ 0.          0.          0.          1.          0.        ]
 [ 0.          0.          0.          0.          1.        ]]
================================================
This is the feature_0: z [[341.1933372 ]
 [ -0.38672332]]
================================================
This is the feature_big bin: 320.50631556663853, -122.31779271060391 when it is first time seen
================================================
This is the feature_0: z_hat [[341.1933372 ]
 [ -0.38672332]]
================================================
This is the feature_0: Fxj [[1. 0. 0. 0. 0.]
 [0. 1. 0. 0. 0.]
 [0. 0. 1. 0. 0.]
 [0. 0. 0. 1. 0.]
 [0. 0. 0. 0. 1.]]
================================================
This is the feature_0: H [[-0.93350724  0.35855856  0.          0.93350724 -0.35855856]
 [-0.0010509  -0.00273601 -1.          0.0010509   0.00273601]]
================================================
================================================
================================================
mu_extended:  [[ 1.99986667e+00]
 [ 1.99993333e-02]
 [ 2.00000000e-02]
 [ 3.20506316e+02]
 [-1.22317793e+02]]
Sigma:  [[ 3.99893243e-01 -2.15306788e-03 -8.98189400e-04  3.40506239e-01
  -1.56714976e-01]
 [-2.15306788e-03  5.51699779e-01  3.69383599e-02  5.03044448e-01
   1.86695368e+00]
 [-8.98189400e-04  3.69383599e-02  5.09262080e-02  9.02082528e-01
   2.38784675e+00]
 [ 3.40506239e-01  5.03044448e-01  9.02082528e-01  1.26098092e+02
   3.27782777e+02]
 [-1.56714976e-01  1.86695368e+00  2.38784675e+00  3.27782777e+02
   8.55707324e+02]]
==================================================================================
This is the motion model:  [[0.49987292]
 [0.01124904]
 [0.005     ]]
================================================
This is mu after motion model:  [[ 2.49973959e+00]
 [ 3.12483724e-02]
 [ 2.50000000e-02]
 [ 3.20506316e+02]
 [-1.22317793e+02]]
================================================
This is jacobian of motion model:  [[ 1.          0.         -0.01124904  0.          0.        ]
 [ 0.          1.          0.49987292  0.          0.        ]
 [ 0.          0.          1.          0.          0.        ]
 [ 0.          0.          0.          1.          0.        ]
 [ 0.          0.          0.          0.          1.        ]]
================================================
This is the feature_0: z [[341.1933372 ]
 [ -0.38672332]]
================================================
This is the feature_0: z_hat [[340.73078848]
 [ -0.39228017]]
================================================
This is the feature_0: Fxj [[1. 0. 0. 0. 0.]
 [0. 1. 0. 0. 0.]
 [0. 0. 1. 0. 0.]
 [0. 0. 0. 1. 0.]
 [0. 0. 0. 0. 1.]]
================================================
This is the feature_0: H [[-0.93330743  0.35907833  0.          0.93330743 -0.35907833]
 [-0.00105385 -0.00273913 -1.          0.00105385  0.00273913]]
================================================
================================================
================================================
mu_extended:  [[ 2.28476958e+00]
 [ 1.30627339e-01]
 [ 2.55452684e-02]
 [ 3.20574970e+02]
 [-1.22449153e+02]]
Sigma:  [[ 4.56486933e-01  1.73131058e-02  5.60954662e-05  3.42987033e-01
  -2.13005549e-01]
 [ 1.73131058e-02  6.76284589e-01  2.14422824e-02  9.83256730e-01
   3.15656815e+00]
 [ 5.60954662e-05  2.14422824e-02  4.49825816e-02  9.94504995e-01
   2.60479175e+00]
 [ 3.42987033e-01  9.83256730e-01  9.94504995e-01  1.26012975e+02
   3.27601978e+02]
 [-2.13005549e-01  3.15656815e+00  2.60479175e+00  3.27601978e+02
   8.55247141e+02]]
==================================================================================
This is the motion model:  [[0.49980286]
 [0.01402078]
 [0.005     ]]
================================================
This is mu after motion model:  [[ 2.78457244e+00]
 [ 1.44648120e-01]
 [ 3.05452684e-02]
 [ 3.20574970e+02]
 [-1.22449153e+02]]
================================================
This is jacobian of motion model:  [[ 1.          0.         -0.01402078  0.          0.        ]
 [ 0.          1.          0.49980286  0.          0.        ]
 [ 0.          0.          1.          0.          0.        ]
 [ 0.          0.          0.          1.          0.        ]
 [ 0.          0.          0.          0.          1.        ]]
================================================
This is the feature_0: z [[341.1933372 ]
 [ -0.38672332]]
================================================
This is the feature_0: z_hat [[340.61705314]
 [ -0.39872399]]
================================================
This is the feature_0: Fxj [[1. 0. 0. 0. 0.]
 [0. 1. 0. 0. 0.]
 [0. 0. 1. 0. 0.]
 [0. 0. 0. 1. 0.]
 [0. 0. 0. 0. 1.]]
================================================
This is the feature_0: H [[-0.9329844   0.3599168   0.          0.9329844  -0.3599168 ]
 [-0.00105666 -0.0027391  -1.          0.00105666  0.0027391 ]]
================================================
================================================
================================================
mu_extended:  [[ 2.42929182e+00]
 [ 2.97163067e-01]
 [ 2.49107792e-02]
 [ 3.20228402e+02]
 [-1.23451207e+02]]
Sigma:  [[ 4.84801879e-01  4.78537325e-02 -2.29602330e-04  2.58763095e-01
  -4.52523747e-01]
 [ 4.78537325e-02  7.89779505e-01  1.99696471e-02  1.51638652e+00
   4.55930908e+00]
 [-2.29602330e-04  1.99696471e-02  4.48566760e-02  1.01822014e+00
   2.65926135e+00]
 [ 2.58763095e-01  1.51638652e+00  1.01822014e+00  1.25938621e+02
   3.27390490e+02]
 [-4.52523747e-01  4.55930908e+00  2.65926135e+00  3.27390490e+02
   8.54643775e+02]]
==================================================================================
This is the motion model:  [[0.49981165]
 [0.01370366]
 [0.005     ]]
================================================
This is mu after motion model:  [[ 2.92910347e+00]
 [ 3.10866726e-01]
 [ 2.99107792e-02]
 [ 3.20228402e+02]
 [-1.23451207e+02]]
================================================
This is jacobian of motion model:  [[ 1.          0.         -0.01370366  0.          0.        ]
 [ 0.          1.          0.49981165  0.          0.        ]
 [ 0.          0.          1.          0.          0.        ]
 [ 0.          0.          0.          1.          0.        ]
 [ 0.          0.          0.          0.          1.        ]]
================================================
This is the feature_0: z [[341.1933372 ]
 [ -0.38672332]]
================================================
This is the feature_0: z_hat [[340.58170217]
 [ -0.40180884]]
================================================
This is the feature_0: Fxj [[1. 0. 0. 0. 0.]
 [0. 1. 0. 0. 0.]
 [0. 0. 1. 0. 0.]
 [0. 0. 0. 1. 0.]
 [0. 0. 0. 0. 1.]]
================================================
This is the feature_0: H [[-0.9316393   0.36338439  0.          0.9316393  -0.36338439]
 [-0.00106695 -0.00273544 -1.          0.00106695  0.00273544]]
================================================
================================================
================================================
mu_extended:  [[ 2.55239668e+00]
 [ 4.22030717e-01]
 [-3.34382522e-03]
 [ 3.16736672e+02]
 [-1.32584632e+02]]
Sigma:  [[ 5.09772886e-01  6.95950203e-02 -5.99157752e-03 -4.50939911e-01
  -2.30882499e+00]
 [ 6.95950203e-02  9.10338920e-01  2.41940832e-02  2.23549672e+00
   6.43777747e+00]
 [-5.99157752e-03  2.41940832e-02  4.46486389e-02  9.81494934e-01
   2.56088986e+00]
 [-4.50939911e-01  2.23549672e+00  9.81494934e-01  1.19486935e+02
   3.10515187e+02]
 [-2.30882499e+00  6.43777747e+00  2.56088986e+00  3.10515187e+02
   8.10503966e+02]]
==================================================================================
This is the motion model:  [[ 4.99999301e-01]
 [-4.21912122e-04]
 [ 5.00000000e-03]]
================================================
This is mu after motion model:  [[ 3.05239598e+00]
 [ 4.21608805e-01]
 [ 1.65617478e-03]
 [ 3.16736672e+02]
 [-1.32584632e+02]]
================================================
This is jacobian of motion model:  [[1.00000000e+00 0.00000000e+00 4.21912122e-04 0.00000000e+00
  0.00000000e+00]
 [0.00000000e+00 1.00000000e+00 4.99999301e-01 0.00000000e+00
  0.00000000e+00]
 [0.00000000e+00 0.00000000e+00 1.00000000e+00 0.00000000e+00
  0.00000000e+00]
 [0.00000000e+00 0.00000000e+00 0.00000000e+00 1.00000000e+00
  0.00000000e+00]
 [0.00000000e+00 0.00000000e+00 0.00000000e+00 0.00000000e+00
  1.00000000e+00]]
================================================
This is the feature_0: z [[341.1933372 ]
 [ -0.38672332]]
================================================
This is the feature_0: z_hat [[340.71760357]
 [ -0.40269061]]
================================================
This is the feature_0: Fxj [[1. 0. 0. 0. 0.]
 [0. 1. 0. 0. 0.]
 [0. 0. 1. 0. 0.]
 [0. 0. 0. 1. 0.]
 [0. 0. 0. 0. 1.]]
================================================
This is the feature_0: H [[-0.92065767  0.39037091  0.          0.92065767 -0.39037091]
 [-0.00114573 -0.00270211 -1.          0.00114573  0.00270211]]
================================================
================================================
================================================
mu_extended:  [[ 3.02836402e+00]
 [ 3.43380833e-01]
 [-4.75213992e-02]
 [ 3.12024487e+02]
 [-1.44876146e+02]]
Sigma:  [[ 6.07278134e-01  5.85140703e-02 -1.10701562e-02 -9.38700790e-01
  -3.58112591e+00]
 [ 5.85140703e-02  1.01714648e+00  1.55243559e-02  1.17084666e+00
   3.66094198e+00]
 [-1.10701562e-02  1.55243559e-02  3.84258811e-02  2.06637498e-01
   5.39049462e-01]
 [-9.38700790e-01  1.17084666e+00  2.06637498e-01  2.32400182e+01
   5.94612010e+01]
 [-3.58112591e+00  3.66094198e+00  5.39049462e-01  5.94612010e+01
   1.55645541e+02]]
==================================================================================
This is the motion model:  [[ 0.49949283]
 [-0.02250307]
 [ 0.005     ]]
================================================
This is mu after motion model:  [[ 3.52785686e+00]
 [ 3.20877761e-01]
 [-4.25213992e-02]
 [ 3.12024487e+02]
 [-1.44876146e+02]]
================================================
This is jacobian of motion model:  [[1.         0.         0.02250307 0.         0.        ]
 [0.         1.         0.49949283 0.         0.        ]
 [0.         0.         1.         0.         0.        ]
 [0.         0.         0.         1.         0.        ]
 [0.         0.         0.         0.         1.        ]]
================================================
This is the feature_0: z [[341.1933372 ]
 [ -0.38672332]]
================================================
This is the feature_0: z_hat [[340.95798316]
 [ -0.39737994]]
================================================
This is the feature_0: Fxj [[1. 0. 0. 0. 0.]
 [0. 1. 0. 0. 0.]
 [0. 0. 1. 0. 0.]
 [0. 0. 0. 1. 0.]
 [0. 0. 0. 0. 1.]]
================================================
This is the feature_0: H [[-0.90479368  0.4258502   0.          0.90479368 -0.4258502 ]
 [-0.00124898 -0.00265368 -1.          0.00124898  0.00265368]]
================================================
================================================
================================================
mu_extended:  [[ 3.55223583e+00]
 [ 2.84100724e-01]
 [-5.97018361e-02]
 [ 3.10798911e+02]
 [-1.48071892e+02]]
Sigma:  [[ 7.00758252e-01  6.22668244e-02 -8.96359435e-03 -6.32437811e-01
  -2.78253155e+00]
 [ 6.22668244e-02  1.12611865e+00  1.24813706e-02  8.35468932e-01
   2.78651381e+00]
 [-8.96359435e-03  1.24813706e-02  3.72828671e-02  7.48781571e-02
   1.95287377e-01]
 [-6.32437811e-01  8.35468932e-01  7.48781571e-02  8.13324298e+00
   2.00697389e+01]
 [-2.78253155e+00  2.78651381e+00  1.95287377e-01  2.00697389e+01
   5.29308801e+01]]
==================================================================================
This is the motion model:  [[ 0.49918169]
 [-0.02858529]
 [ 0.005     ]]
================================================
This is mu after motion model:  [[ 4.05141752e+00]
 [ 2.55515431e-01]
 [-5.47018361e-02]
 [ 3.10798911e+02]
 [-1.48071892e+02]]
================================================
This is jacobian of motion model:  [[1.         0.         0.02858529 0.         0.        ]
 [0.         1.         0.49918169 0.         0.        ]
 [0.         0.         1.         0.         0.        ]
 [0.         0.         0.         1.         0.        ]
 [0.         0.         0.         0.         1.        ]]
================================================
This is the feature_0: z [[341.1933372 ]
 [ -0.38672332]]
================================================
This is the feature_0: z_hat [[340.72722874]
 [ -0.39569848]]
================================================
This is the feature_0: Fxj [[1. 0. 0. 0. 0.]
 [0. 1. 0. 0. 0.]
 [0. 0. 1. 0. 0.]
 [0. 0. 0. 1. 0.]
 [0. 0. 0. 0. 1.]]
================================================
This is the feature_0: H [[-0.90027291  0.43532596  0.          0.90027291 -0.43532596]
 [-0.00127764 -0.00264221 -1.          0.00127764  0.00264221]]
================================================
================================================
================================================
mu_extended:  [[ 3.93607471e+00]
 [ 2.96867432e-01]
 [-6.55192422e-02]
 [ 3.09790996e+02]
 [-1.50699814e+02]]
Sigma:  [[ 7.87034807e-01  6.33732847e-02 -9.42659969e-03 -7.46007936e-01
  -3.07864000e+00]
 [ 6.33732847e-02  1.24251829e+00  1.24284062e-02  9.13774348e-01
   2.99069731e+00]
 [-9.42659969e-03  1.24284062e-02  3.71148672e-02  6.11303567e-02
   1.59388306e-01]
 [-7.46007936e-01  9.13774348e-01  6.11303567e-02  7.12210420e+00
   1.74334078e+01]
 [-3.07864000e+00  2.99069731e+00  1.59388306e-01  1.74334078e+01
   4.60572028e+01]]
==================================================================================
This is the motion model:  [[ 0.49900695]
 [-0.03148874]
 [ 0.005     ]]
================================================
This is mu after motion model:  [[ 4.43508166e+00]
 [ 2.65378696e-01]
 [-6.05192422e-02]
 [ 3.09790996e+02]
 [-1.50699814e+02]]
================================================
This is jacobian of motion model:  [[1.         0.         0.03148874 0.         0.        ]
 [0.         1.         0.49900695 0.         0.        ]
 [0.         0.         1.         0.         0.        ]
 [0.         0.         0.         1.         0.        ]
 [0.         0.         0.         0.         1.        ]]
================================================
This is the feature_0: z [[341.1933372 ]
 [ -0.38672332]]
================================================
This is the feature_0: z_hat [[340.63576472]
 [ -0.39863105]]
================================================
This is the feature_0: Fxj [[1. 0. 0. 0. 0.]
 [0. 1. 0. 0. 0.]
 [0. 0. 1. 0. 0.]
 [0. 0. 0. 1. 0.]
 [0. 0. 0. 0. 1.]]
================================================
This is the feature_0: H [[-0.8964294   0.44318656  0.          0.8964294  -0.44318656]
 [-0.00130106 -0.00263164 -1.          0.00130106  0.00263164]]
================================================
================================================
================================================
mu_extended:  [[ 4.22872849e+00]
 [ 3.64995412e-01]
 [-6.95725851e-02]
 [ 3.09067154e+02]
 [-1.52586945e+02]]
Sigma:  [[ 8.59424114e-01  7.26267633e-02 -9.84604385e-03 -8.38982343e-01
  -3.32103329e+00]
 [ 7.26267633e-02  1.35421959e+00  1.24413603e-02  9.89805408e-01
   3.18892263e+00]
 [-9.84604385e-03  1.24413603e-02  3.70411012e-02  5.54832685e-02
   1.44650135e-01]
 [-8.38982343e-01  9.89805408e-01  5.54832685e-02  6.78921664e+00
   1.65655359e+01]
 [-3.32103329e+00  3.18892263e+00  1.44650135e-01  1.65655359e+01
   4.37945723e+01]]
==================================================================================
This is the motion model:  [[ 0.49887522]
 [-0.03351112]
 [ 0.005     ]]
================================================
This is mu after motion model:  [[ 4.72760371e+00]
 [ 3.31484294e-01]
 [-6.45725851e-02]
 [ 3.09067154e+02]
 [-1.52586945e+02]]
================================================
This is jacobian of motion model:  [[1.         0.         0.03351112 0.         0.        ]
 [0.         1.         0.49887522 0.         0.        ]
 [0.         0.         1.         0.         0.        ]
 [0.         0.         0.         1.         0.        ]
 [0.         0.         0.         0.         1.        ]]
================================================
This is the feature_0: z [[344.0189815 ]
 [ -0.38800215]]
================================================
This is the feature_0: z_hat [[340.59742792]
 [ -0.40104103]]
================================================
This is the feature_0: Fxj [[1. 0. 0. 0. 0.]
 [0. 1. 0. 0. 0.]
 [0. 0. 1. 0. 0.]
 [0. 0. 0. 1. 0.]
 [0. 0. 0. 0. 1.]]
================================================
This is the feature_0: H [[-0.89354624  0.44897118  0.          0.89354624 -0.44897118]
 [-0.00131819 -0.00262347 -1.          0.00131819  0.00262347]]
================================================
================================================
================================================
mu_extended:  [[ 3.21364854e+00]
 [ 1.13374354e+00]
 [-6.23106446e-02]
 [ 3.06108634e+02]
 [-1.60299872e+02]]
Sigma:  [[ 9.21118127e-01  8.83943400e-02 -1.02457212e-02 -9.10764519e-01
  -3.50817094e+00]
 [ 8.83943400e-02  1.46188655e+00  1.24742154e-02  1.05594164e+00
   3.36134243e+00]
 [-1.02457212e-02  1.24742154e-02  3.70037965e-02  5.26602157e-02
   1.37285920e-01]
 [-9.10764519e-01  1.05594164e+00  5.26602157e-02  6.64532019e+00
   1.61903946e+01]
 [-3.50817094e+00  3.36134243e+00  1.37285920e-01  1.61903946e+01
   4.28165703e+01]]
==================================================================================
This is the motion model:  [[ 0.49910542]
 [-0.02988746]
 [ 0.005     ]]
================================================
This is mu after motion model:  [[ 3.71275396e+00]
 [ 1.10385607e+00]
 [-5.73106446e-02]
 [ 3.06108634e+02]
 [-1.60299872e+02]]
================================================
This is jacobian of motion model:  [[1.         0.         0.02988746 0.         0.        ]
 [0.         1.         0.49910542 0.         0.        ]
 [0.         0.         1.         0.         0.        ]
 [0.         0.         0.         1.         0.        ]
 [0.         0.         0.         0.         1.        ]]
================================================
This is the feature_0: z [[344.0189815 ]
 [ -0.38800215]]
================================================
This is the feature_0: z_hat [[342.77460768]
 [ -0.43297083]]
================================================
This is the feature_0: Fxj [[1. 0. 0. 0. 0.]
 [0. 1. 0. 0. 0.]
 [0. 0. 1. 0. 0.]
 [0. 0. 0. 1. 0.]
 [0. 0. 0. 0. 1.]]
================================================
This is the feature_0: H [[-0.88220035  0.47087423  0.          0.88220035 -0.47087423]
 [-0.00137371 -0.0025737  -1.          0.00137371  0.0025737 ]]
================================================
================================================
================================================
mu_extended:  [[ 3.63945472e+00]
 [ 1.15417491e+00]
 [-9.85334348e-02]
 [ 3.03576481e+02]
 [-1.66901155e+02]]
Sigma:  [[ 1.01974642e+00  8.44231051e-02 -1.12359211e-02 -9.35444236e-01
  -3.57251055e+00]
 [ 8.44231051e-02  1.57980476e+00  1.28424273e-02  1.10208177e+00
   3.48162957e+00]
 [-1.12359211e-02  1.28424273e-02  3.69758871e-02  4.71756782e-02
   1.22986541e-01]
 [-9.35444236e-01  1.10208177e+00  4.71756782e-02  5.73209543e+00
   1.38096322e+01]
 [-3.57251055e+00  3.48162957e+00  1.22986541e-01  1.38096322e+01
   3.66099606e+01]]
==================================================================================
This is the motion model:  [[ 0.49769565]
 [-0.0479429 ]
 [ 0.005     ]]
================================================
This is mu after motion model:  [[ 4.13715036e+00]
 [ 1.10623201e+00]
 [-9.35334348e-02]
 [ 3.03576481e+02]
 [-1.66901155e+02]]
================================================
This is jacobian of motion model:  [[1.         0.         0.0479429  0.         0.        ]
 [0.         1.         0.49769565 0.         0.        ]
 [0.         0.         1.         0.         0.        ]
 [0.         0.         0.         1.         0.        ]
 [0.         0.         0.         0.         1.        ]]
================================================
This is the feature_0: z [[341.1933372 ]
 [ -0.38672332]]
================================================
This is the feature_0: z_hat [[343.35170702]
 [ -0.41777151]]
================================================
This is the feature_0: Fxj [[1. 0. 0. 0. 0.]
 [0. 1. 0. 0. 0.]
 [0. 0. 1. 0. 0.]
 [0. 0. 0. 1. 0.]
 [0. 0. 0. 0. 1.]]
================================================
This is the feature_0: H [[-0.87210672  0.48931572  0.          0.87210672 -0.48931572]
 [-0.00142512 -0.00253998 -1.          0.00142512  0.00253998]]
================================================
================================================
================================================
mu_extended:  [[ 4.18726189e+00]
 [ 1.00668377e+00]
 [-1.05121051e-01]
 [ 3.07470889e+02]
 [-1.56748509e+02]]
Sigma:  [[ 1.11859443e+00  8.01891357e-02 -1.14838480e-02 -9.42495779e-01
  -3.59089377e+00]
 [ 8.01891357e-02  1.69795137e+00  1.29358742e-02  1.14224432e+00
   3.58633273e+00]
 [-1.14838480e-02  1.29358742e-02  3.69274133e-02  4.11445552e-02
   1.07263164e-01]
 [-9.42495779e-01  1.14224432e+00  4.11445552e-02  5.02061136e+00
   1.19548068e+01]
 [-3.59089377e+00  3.58633273e+00  1.07263164e-01  1.19548068e+01
   3.17744662e+01]]
==================================================================================
This is the motion model:  [[ 0.49736902]
 [-0.05122046]
 [ 0.005     ]]
================================================
This is mu after motion model:  [[ 4.68463091e+00]
 [ 9.55463308e-01]
 [-1.00121051e-01]
 [ 3.07470889e+02]
 [-1.56748509e+02]]
================================================
This is jacobian of motion model:  [[1.         0.         0.05122046 0.         0.        ]
 [0.         1.         0.49736902 0.         0.        ]
 [0.         0.         1.         0.         0.        ]
 [0.         0.         0.         1.         0.        ]
 [0.         0.         0.         0.         1.        ]]
================================================
This is the feature_0: z [[341.1933372 ]
 [ -0.38672332]]
================================================
This is the feature_0: z_hat [[341.39428903]
 [ -0.38006124]]
================================================
This is the feature_0: Fxj [[1. 0. 0. 0. 0.]
 [0. 1. 0. 0. 0.]
 [0. 0. 1. 0. 0.]
 [0. 0. 0. 1. 0.]
 [0. 0. 0. 0. 1.]]
================================================
This is the feature_0: H [[-0.88691073  0.46194086  0.          0.88691073 -0.46194086]
 [-0.0013531  -0.00259791 -1.          0.0013531   0.00259791]]
================================================
================================================
================================================
mu_extended:  [[ 4.89986476e+00]
 [ 8.38323585e-01]
 [-9.95311169e-02]
 [ 3.07179809e+02]
 [-1.57507348e+02]]
Sigma:  [[ 9.79485988e-01  2.06273227e-01 -6.92883081e-03 -6.18265184e-01
  -2.74563118e+00]
 [ 2.06273227e-01  1.74493674e+00  1.03232962e-02  9.85250721e-01
   3.17705366e+00]
 [-6.92883081e-03  1.03232962e-02  3.67933161e-02  3.10334211e-02
   8.09035435e-02]
 [-6.18265184e-01  9.85250721e-01  3.10334211e-02  4.58426104e+00
   1.08172504e+01]
 [-2.74563118e+00  3.17705366e+00  8.09035435e-02  1.08172504e+01
   2.88088797e+01]]
==================================================================================
This is the motion model:  [[ 0.49764757]
 [-0.04843941]
 [ 0.005     ]]
================================================
This is mu after motion model:  [[ 5.39751233e+00]
 [ 7.89884170e-01]
 [-9.45311169e-02]
 [ 3.07179809e+02]
 [-1.57507348e+02]]
================================================
This is jacobian of motion model:  [[1.         0.         0.04843941 0.         0.        ]
 [0.         1.         0.49764757 0.         0.        ]
 [0.         0.         1.         0.         0.        ]
 [0.         0.         0.         1.         0.        ]
 [0.         0.         0.         0.         1.        ]]
================================================
This is the feature_0: z [[341.1933372 ]
 [ -0.38672332]]
================================================
This is the feature_0: z_hat [[340.77935395]
 [ -0.38855611]]
================================================
This is the feature_0: Fxj [[1. 0. 0. 0. 0.]
 [0. 1. 0. 0. 0.]
 [0. 0. 1. 0. 0.]
 [0. 0. 0. 1. 0.]
 [0. 0. 0. 0. 1.]]
================================================
This is the feature_0: H [[-0.88556508  0.46451532  0.          0.88556508 -0.46451532]
 [-0.0013631  -0.00259865 -1.          0.0013631   0.00259865]]
================================================
================================================
================================================
mu_extended:  [[ 5.10434864e+00]
 [ 9.56437901e-01]
 [-9.07264316e-02]
 [ 3.07280835e+02]
 [-1.57243973e+02]]
Sigma:  [[ 9.84352012e-01  2.57321286e-01 -7.01602706e-03 -5.84181658e-01
  -2.65677612e+00]
 [ 2.57321286e-01  1.83065658e+00  1.01051828e-02  9.82380097e-01
   3.16957001e+00]
 [-7.01602706e-03  1.01051828e-02  3.68027899e-02  3.16079503e-02
   8.24013029e-02]
 [-5.84181658e-01  9.82380097e-01  3.16079503e-02  4.57303428e+00
   1.07879824e+01]
 [-2.65677612e+00  3.16957001e+00  8.24013029e-02  1.07879824e+01
   2.87325787e+01]]
==================================================================================
This is the motion model:  [[ 0.49805477]
 [-0.04405596]
 [ 0.005     ]]
================================================
This is mu after motion model:  [[ 5.60240341e+00]
 [ 9.12381938e-01]
 [-8.57264316e-02]
 [ 3.07280835e+02]
 [-1.57243973e+02]]
================================================
This is jacobian of motion model:  [[1.         0.         0.04405596 0.         0.        ]
 [0.         1.         0.49805477 0.         0.        ]
 [0.         0.         1.         0.         0.        ]
 [0.         0.         0.         1.         0.        ]
 [0.         0.         0.         0.         1.        ]]
================================================
This is the feature_0: z [[341.1933372 ]
 [ -0.38672332]]
================================================
This is the feature_0: z_hat [[340.62194442]
 [ -0.39713618]]
================================================
This is the feature_0: Fxj [[1. 0. 0. 0. 0.]
 [0. 1. 0. 0. 0.]
 [0. 0. 1. 0. 0.]
 [0. 0. 0. 1. 0.]
 [0. 0. 0. 0. 1.]]
================================================
This is the feature_0: H [[-0.8856694   0.4643164   0.          0.8856694  -0.4643164 ]
 [-0.00136314 -0.00260015 -1.          0.00136314  0.00260015]]
================================================
================================================
================================================
mu_extended:  [[ 5.21933516e+00]
 [ 1.12912551e+00]
 [-8.67169799e-02]
 [ 3.07344127e+02]
 [-1.57078974e+02]]
Sigma:  [[ 9.99415243e-01  3.02521829e-01 -7.18341535e-03 -5.68844403e-01
  -2.61679221e+00]
 [ 3.02521829e-01  1.91937468e+00  9.93576528e-03  9.90303429e-01
   3.19022598e+00]
 [-7.18341535e-03  9.93576528e-03  3.68093970e-02  3.20073580e-02
   8.34425432e-02]
 [-5.68844403e-01  9.90303429e-01  3.20073580e-02  4.57072992e+00
   1.07819750e+01]
 [-2.61679221e+00  3.19022598e+00  8.34425432e-02  1.07819750e+01
   2.87169175e+01]]
==================================================================================
This is the motion model:  [[ 0.4982274 ]
 [-0.04205869]
 [ 0.005     ]]
================================================
This is mu after motion model:  [[ 5.71756256e+00]
 [ 1.08706682e+00]
 [-8.17169799e-02]
 [ 3.07344127e+02]
 [-1.57078974e+02]]
================================================
This is jacobian of motion model:  [[1.         0.         0.04205869 0.         0.        ]
 [0.         1.         0.4982274  0.         0.        ]
 [0.         0.         1.         0.         0.        ]
 [0.         0.         0.         1.         0.        ]
 [0.         0.         0.         0.         1.        ]]
================================================
This is the feature_0: z [[344.0189815 ]
 [ -0.38800215]]
================================================
This is the feature_0: z_hat [[340.58050543]
 [ -0.40124153]]
================================================
This is the feature_0: Fxj [[1. 0. 0. 0. 0.]
 [0. 1. 0. 0. 0.]
 [0. 0. 1. 0. 0.]
 [0. 0. 0. 1. 0.]
 [0. 0. 0. 0. 1.]]
================================================
This is the feature_0: H [[-0.88562487  0.46440133  0.          0.88562487 -0.46440133]
 [-0.00136356 -0.00260034 -1.          0.00136356  0.00260034]]
================================================
================================================
================================================
mu_extended:  [[ 3.46796075e+00]
 [ 2.36865393e+00]
 [-5.26113252e-02]
 [ 3.07539893e+02]
 [-1.56568615e+02]]
Sigma:  [[ 1.01835766e+00  3.45470039e-01 -7.33105652e-03 -5.60490238e-01
  -2.59501307e+00]
 [ 3.45470039e-01  2.00909450e+00  9.76792566e-03  1.00231183e+00
   3.22153164e+00]
 [-7.33105652e-03  9.76792566e-03  3.68128960e-02  3.21933564e-02
   8.39274353e-02]
 [-5.60490238e-01  1.00231183e+00  3.21933564e-02  4.57011996e+00
   1.07803849e+01]
 [-2.59501307e+00  3.22153164e+00  8.39274353e-02  1.07803849e+01
   2.87127720e+01]]
==================================================================================
This is the motion model:  [[ 0.49937182]
 [-0.02504515]
 [ 0.005     ]]
================================================
This is mu after motion model:  [[ 3.96733257e+00]
 [ 2.34360878e+00]
 [-4.76113252e-02]
 [ 3.07539893e+02]
 [-1.56568615e+02]]
================================================
This is jacobian of motion model:  [[1.         0.         0.02504515 0.         0.        ]
 [0.         1.         0.49937182 0.         0.        ]
 [0.         0.         1.         0.         0.        ]
 [0.         0.         0.         1.         0.        ]
 [0.         0.         0.         0.         1.        ]]
================================================
This is the feature_0: z [[344.0189815 ]
 [ -0.38800215]]
================================================
This is the feature_0: z_hat [[342.65054268]
 [ -0.43463834]]
================================================
This is the feature_0: Fxj [[1. 0. 0. 0. 0.]
 [0. 1. 0. 0. 0.]
 [0. 0. 1. 0. 0.]
 [0. 0. 0. 1. 0.]
 [0. 0. 0. 0. 1.]]
================================================
This is the feature_0: H [[-0.88595383  0.46377345  0.          0.88595383 -0.46377345]
 [-0.00135349 -0.00258559 -1.          0.00135349  0.00258559]]
================================================
================================================
================================================
mu_extended:  [[ 3.05537514e+00]
 [ 2.85554925e+00]
 [-6.48127297e-02]
 [ 3.07666674e+02]
 [-1.56238099e+02]]
Sigma:  [[ 1.03475590e+00  3.89365463e-01 -7.38922590e-03 -5.48107266e-01
  -2.56273091e+00]
 [ 3.89365463e-01  2.09797387e+00  9.48900707e-03  1.01180489e+00
   3.24627987e+00]
 [-7.38922590e-03  9.48900707e-03  3.68074050e-02  3.19711664e-02
   8.33481900e-02]
 [-5.48107266e-01  1.01180489e+00  3.19711664e-02  4.56850898e+00
   1.07761851e+01]
 [-2.56273091e+00  3.24627987e+00  8.33481900e-02  1.07761851e+01
   2.87018232e+01]]
==================================================================================
This is the motion model:  [[ 0.49902908]
 [-0.03113617]
 [ 0.005     ]]
================================================
This is mu after motion model:  [[ 3.55440421e+00]
 [ 2.82441307e+00]
 [-5.98127297e-02]
 [ 3.07666674e+02]
 [-1.56238099e+02]]
================================================
This is jacobian of motion model:  [[1.         0.         0.03113617 0.         0.        ]
 [0.         1.         0.49902908 0.         0.        ]
 [0.         0.         1.         0.         0.        ]
 [0.         0.         0.         1.         0.        ]
 [0.         0.         0.         0.         1.        ]]
================================================
This is the feature_0: z [[341.1933372 ]
 [ -0.38672332]]
================================================
This is the feature_0: z_hat [[343.19842008]
 [ -0.42209558]]
================================================
This is the feature_0: Fxj [[1. 0. 0. 0. 0.]
 [0. 1. 0. 0. 0.]
 [0. 0. 1. 0. 0.]
 [0. 0. 0. 1. 0.]
 [0. 0. 0. 0. 1.]]
================================================
This is the feature_0: H [[-0.88611209  0.46347099  0.          0.88611209 -0.46347099]
 [-0.00135045 -0.00258192 -1.          0.00135045  0.00258192]]
================================================
================================================
================================================
mu_extended:  [[ 4.87827081e+00]
 [ 2.06764139e+00]
 [-1.09756792e-01]
 [ 3.07507990e+02]
 [-1.56651785e+02]]
Sigma:  [[ 1.05201796e+00  4.32777131e-01 -7.40989452e-03 -5.37255643e-01
  -2.53444094e+00]
 [ 4.32777131e-01  2.18694521e+00  9.28078371e-03  1.02217742e+00
   3.27332085e+00]
 [-7.40989452e-03  9.28078371e-03  3.68076055e-02  3.18704052e-02
   8.30855075e-02]
 [-5.37255643e-01  1.02217742e+00  3.18704052e-02  4.56732823e+00
   1.07731069e+01]
 [-2.53444094e+00  3.27332085e+00  8.30855075e-02  1.07731069e+01
   2.86937985e+01]]
==================================================================================
This is the motion model:  [[ 0.49712623]
 [-0.05352558]
 [ 0.005     ]]
================================================
This is mu after motion model:  [[ 5.37539704e+00]
 [ 2.01411581e+00]
 [-1.04756792e-01]
 [ 3.07507990e+02]
 [-1.56651785e+02]]
================================================
This is jacobian of motion model:  [[1.         0.         0.05352558 0.         0.        ]
 [0.         1.         0.49712623 0.         0.        ]
 [0.         0.         1.         0.         0.        ]
 [0.         0.         0.         1.         0.        ]
 [0.         0.         0.         0.         1.        ]]
================================================
This is the feature_0: z [[341.1933372 ]
 [ -0.38672332]]
================================================
This is the feature_0: z_hat [[341.26085626]
 [ -0.37881031]]
================================================
This is the feature_0: Fxj [[1. 0. 0. 0. 0.]
 [0. 1. 0. 0. 0.]
 [0. 0. 1. 0. 0.]
 [0. 0. 0. 1. 0.]
 [0. 0. 0. 0. 1.]]
================================================
This is the feature_0: H [[-0.88534207  0.46494023  0.          0.88534207 -0.46494023]
 [-0.00136242 -0.00259433 -1.          0.00136242  0.00259433]]
================================================
================================================
================================================
mu_extended:  [[ 5.41788331e+00]
 [ 1.99074726e+00]
 [-9.96427498e-02]
 [ 3.07511018e+02]
 [-1.56643892e+02]]
Sigma:  [[ 1.07816716e+00  4.72113359e-01 -7.59279547e-03 -5.40796246e-01
  -2.54367122e+00]
 [ 4.72113359e-01  2.27785223e+00  9.24495947e-03  1.04109517e+00
   3.32263903e+00]
 [-7.59279547e-03  9.24495947e-03  3.68177380e-02  3.22016941e-02
   8.39491710e-02]
 [-5.40796246e-01  1.04109517e+00  3.22016941e-02  4.56694965e+00
   1.07721199e+01]
 [-2.54367122e+00  3.32263903e+00  8.39491710e-02  1.07721199e+01
   2.86912255e+01]]
==================================================================================
This is the motion model:  [[ 0.49764216]
 [-0.04849497]
 [ 0.005     ]]
================================================
This is mu after motion model:  [[ 5.91552547e+00]
 [ 1.94225229e+00]
 [-9.46427498e-02]
 [ 3.07511018e+02]
 [-1.56643892e+02]]
================================================
This is jacobian of motion model:  [[1.         0.         0.04849497 0.         0.        ]
 [0.         1.         0.49764216 0.         0.        ]
 [0.         0.         1.         0.         0.        ]
 [0.         0.         0.         1.         0.        ]
 [0.         0.         0.         0.         1.        ]]
================================================
This is the feature_0: z [[338.39898969]
 [ -0.38800215]]
================================================
This is the feature_0: z_hat [[340.74830332]
 [ -0.38944998]]
================================================
This is the feature_0: Fxj [[1. 0. 0. 0. 0.]
 [0. 1. 0. 0. 0.]
 [0. 0. 1. 0. 0.]
 [0. 0. 0. 1. 0.]
 [0. 0. 0. 0. 1.]]
================================================
This is the feature_0: H [[-0.88509756  0.46540553  0.          0.88509756 -0.46540553]
 [-0.00136583 -0.00259751 -1.          0.00136583  0.00259751]]
================================================
================================================
================================================
mu_extended:  [[ 7.40501658e+00]
 [ 1.08740300e+00]
 [-1.20214228e-01]
 [ 3.07535312e+02]
 [-1.56580557e+02]]
Sigma:  [[ 1.10187953e+00  5.12447424e-01 -7.75062506e-03 -5.40466445e-01
